Node: 0 Error: 0.25
Node: 1 Error: 0.3055555555555555
Node: 2 Error: 0.027777777777777776
