Node: 0 Error: 1.0227272727272727
Node: 1 Error: 1.0227272727272727
Node: 2 Error: 0.022727272727272728
