Node: 0 Error: 0.03571428571428571
Node: 1 Error: 0.03571428571428571
Node: 2 Error: 0.017857142857142856
