Node: 0 Error: 0.1875
Node: 1 Error: 0.21875
Node: 2 Error: 0.03125
