Node: 0 Error: 0.2916666666666667
Node: 1 Error: 0.35416666666666663
Node: 2 Error: 0.020833333333333332
