Node: 0 Error: 0.2777777777777778
Node: 1 Error: 0.2777777777777778
Node: 2 Error: 0.027777777777777776
